0.00208333,0
0.00416667,1
0.00625,2
0.00833333,2
0.0104167,3
0.0125,3
0.0145833,4
0.0166667,5
0.01875,6
0.0208333,7
0.0229167,8
0.025,9
0.0270833,10
0.0291667,11
0.03125,11
0.0333333,12
0.0354167,13
0.0375,14
0.0395833,15
0.0416667,16
0.04375,17
0.0458333,18
0.0479167,19
0.05,20
0.0520833,21
0.0541667,22
0.05625,23
0.0583333,24
0.0604167,25
0.0625,26
0.0645833,27
0.0666667,28
0.06875,29
0.0708333,30
0.0729167,31
0.075,32
0.0770833,33
0.0791667,34
0.08125,35
0.0833333,36
0.0854167,37
0.0875,38
0.0895833,39
0.0916667,40
0.09375,41
0.0958333,42
0.0979167,43
0.1,44
0.102083,45
0.104167,46
0.10625,47
0.108333,48
0.110417,49
0.1125,50
0.114583,51
0.116667,52
0.11875,53
0.120833,54
0.122917,55
0.125,56
0.127083,57
0.129167,58
0.13125,59
0.133333,60
0.135417,61
0.1375,62
0.139583,63
0.141667,64
0.14375,65
0.145833,66
0.147917,67
0.15,68
0.152083,69
0.154167,70
0.15625,71
0.158333,72
0.160417,73
0.1625,74
0.164583,75
0.166667,76
0.16875,77
0.170833,78
0.172917,79
0.175,80
0.177083,81
0.179167,82
0.18125,83
0.183333,84
0.185417,85
0.1875,86
0.189583,87
0.191667,88
0.19375,89
0.195833,90
0.197917,91
0.2,92
0.202083,93
0.204167,94
0.20625,95
0.208333,96
0.210417,97
0.2125,98
0.214583,99
0.216667,100
0.21875,101
0.220833,102
0.222917,103
0.225,104
0.227083,105
0.229167,106
0.23125,107
0.233333,108
0.235417,109
0.2375,110
0.239583,111
0.241667,112
0.24375,113
0.245833,114
0.247917,115
0.25,116
0.252083,117
0.254167,118
0.25625,119
0.258333,120
0.260417,121
0.2625,122
0.264583,123
0.266667,124
0.26875,125
0.270833,126
0.272917,127
0.275,128
0.277083,129
0.279167,130
0.28125,131
0.283333,132
0.285417,133
0.2875,134
0.289583,135
0.291667,136
0.29375,137
0.295833,138
0.297917,139
0.3,140
0.302083,141
0.304167,142
0.30625,143
0.308333,144
0.310417,145
0.3125,146
0.314583,147
0.316667,148
0.31875,149
0.320833,150
0.322917,151
0.325,152
0.327083,153
0.329167,154
0.33125,155
0.333333,156
0.335417,157
0.3375,158
0.339583,159
0.341667,160
0.34375,161
0.345833,162
0.347917,163
0.35,164
0.352083,165
0.354167,166
0.35625,167
0.358333,168
0.360417,169
0.3625,170
0.364583,171
0.366667,172
0.36875,173
0.370833,174
0.372917,175
0.375,176
0.377083,177
0.379167,178
0.38125,179
0.383333,180
0.385417,181
0.3875,182
0.389583,183
0.391667,184
0.39375,185
0.395833,186
0.397917,187
0.4,188
0.402083,189
0.404167,190
0.40625,191
0.408333,192
0.410417,193
0.4125,194
0.414583,195
0.416667,196
0.41875,197
0.420833,198
0.422917,199
0.425,200
0.427083,201
0.429167,202
0.43125,203
0.433333,204
0.435417,205
0.4375,206
0.439583,207
0.441667,208
0.44375,209
0.445833,210
0.447917,211
0.45,212
0.452083,213
0.454167,214
0.45625,215
0.458333,216
0.460417,217
0.4625,218
0.464583,219
0.466667,220
0.46875,221
0.470833,222
0.472917,223
0.475,224
0.477083,225
0.479167,226
0.48125,227
0.483333,228
0.485417,229
0.4875,230
0.489583,231
0.491667,232
0.49375,233
0.495833,234
0.497917,235
0.5,236
0.502083,237
0.504167,238
0.50625,239
0.508333,240
0.510417,241
0.5125,242
0.514583,243
0.516667,244
0.51875,245
0.520833,246
0.522917,247
0.525,248
0.527083,249
0.529167,250
0.53125,251
0.533333,252
0.535417,253
0.5375,254
0.539583,255
0.541667,256
0.54375,257
0.545833,258
0.547917,259
0.55,260
0.552083,261
0.554167,262
0.55625,263
0.558333,264
0.560417,265
0.5625,266
0.564583,267
0.566667,268
0.56875,269
0.570833,270
0.572917,271
0.575,272
0.577083,273
0.579167,274
0.58125,275
0.583333,276
0.585417,277
0.5875,278
0.589583,279
0.591667,280
0.59375,281
0.595833,282
0.597917,283
0.6,284
0.602083,285
0.604167,286
0.60625,287
0.608333,288
0.610417,289
0.6125,290
0.614583,291
0.616667,292
0.61875,293
0.620833,294
0.622917,295
0.625,296
0.627083,297
0.629167,298
0.63125,299
0.633333,300
0.635417,301
0.6375,302
0.639583,303
0.641667,304
0.64375,305
0.645833,306
0.647917,307
0.65,308
0.652083,309
0.654167,310
0.65625,311
0.658333,312
0.660417,313
0.6625,314
0.664583,315
0.666667,316
0.66875,317
0.670833,318
0.672917,319
0.675,320
0.677083,321
0.679167,322
0.68125,323
0.683333,324
0.685417,325
0.6875,326
0.689583,327
0.691667,328
0.69375,329
0.695833,330
0.697917,331
0.7,332
0.702083,333
0.704167,334
0.70625,335
0.708333,336
0.710417,337
0.7125,338
0.714583,339
0.716667,340
0.71875,341
0.720833,342
0.722917,343
0.725,344
0.727083,345
0.729167,346
0.73125,347
0.733333,348
0.735417,349
0.7375,350
0.739583,351
0.741667,352
0.74375,353
0.745833,354
0.747917,355
0.75,356
0.752083,357
0.754167,358
0.75625,359
0.758333,360
0.760417,361
0.7625,362
0.764583,363
0.766667,364
0.76875,365
0.770833,366
0.772917,367
0.775,368
0.777083,369
0.779167,370
0.78125,371
0.783333,372
0.785417,373
0.7875,374
0.789583,375
0.791667,376
0.79375,377
0.795833,378
0.797917,379
0.8,380
0.802083,381
0.804167,382
0.80625,383
0.808333,384
0.810417,385
0.8125,386
0.814583,387
0.816667,388
0.81875,389
0.820833,390
0.822917,391
0.825,392
0.827083,393
0.829167,394
0.83125,395
0.833333,396
0.835417,397
0.8375,398
0.839583,399
0.841667,400
0.84375,401
0.845833,402
0.847917,403
0.85,404
0.852083,405
0.854167,406
0.85625,407
0.858333,408
0.860417,409
0.8625,410
0.864583,411
0.866667,412
0.86875,413
0.870833,414
0.872917,415
0.875,416
0.877083,417
0.879167,418
0.88125,419
0.883333,420
0.885417,421
0.8875,422
0.889583,423
0.891667,424
0.89375,425
0.895833,426
0.897917,427
0.9,428
0.902083,429
0.904167,430
0.90625,431
0.908333,432
0.910417,433
0.9125,434
0.914583,435
0.916667,436
0.91875,437
0.920833,438
0.922917,439
0.925,440
0.927083,441
0.929167,442
0.93125,443
0.933333,444
0.935417,445
0.9375,446
0.939583,447
0.941667,448
0.94375,449
0.945833,450
0.947917,451
0.95,452
0.952083,453
0.954167,454
0.95625,455
0.958333,456
0.960417,457
0.9625,458
0.964583,459
0.966667,460
0.96875,461
0.970833,462
0.972917,463
0.975,464
0.977083,465
0.979167,466
0.98125,467
0.983333,468
0.985417,469
0.9875,470
0.989583,471
0.991667,472
0.99375,473
0.995833,474
0.997917,475
1,476
